proj:       1
zone:       19
north:      2103177.20190125
south:      2008160.04192124
east:       460848.79973738
west:       314490.28502146
cols:       1642
rows:       1066
e-w resol:  89.13429642
n-s resol:  89.13429642
top:        1.000000000000000
bottom:     0.000000000000000
cols3:      1642
rows3:      1066
depths:     1
e-w resol3: 89.13429642
n-s resol3: 89.13429642
t-b resol:  1
