proj:       1
zone:       19
north:      2103120
south:      2008170
east:       460800
west:       314550
cols:       1625
rows:       1055
e-w resol:  90
n-s resol:  90
top:        1.000000000000000
bottom:     0.000000000000000
cols3:      1625
rows3:      1055
depths:     1
e-w resol3: 90
n-s resol3: 90
t-b resol:  1
