proj:       1
zone:       19
north:      2103177.20190125
south:      2008160.04192124
east:       460848.79973738
west:       314490.28502146
cols:       1642
rows:       1066
e-w resol:  89.13429642
n-s resol:  89.13429642
format:     0
compressed: 5
