proj:       1
zone:       19
north:      2097205.20404134
south:      2042209.34315235
east:       455055.07047031
west:       367525.19138929
cols:       982
rows:       617
e-w resol:  89.13429642
n-s resol:  89.13429642
format:     -1
compressed: 5
